Some examples of graphs spectrum

8 -2.64575131 0 0 0 0 0 0 2.64575131 //8_1
8 -2.53662 -1 0 0 0 0 0.69322 2.84340 //8_2
8  -2.303 -1.709 -1.618 0 0.618 0.806 1.303 2.903 //8_3
8 -2.676 -2.072 0 0 0 0.645 1.126 2.976 //8_4
8 -2.414 -1 -1 0 0 0.414 1 3 //8_5
8 -2.562 -1.618 -1.618 0 0.618 0.618 1.562 3 //8_6
8 -2.414 -2.414 -1 0.414 0.414 1 1 3 //8_7
9  -2.828427 0 0 0 0 0 0 0 2.828427 //9_1
9 -2.73205 -1 0 0 0 0 0 0.73205 3 //9_2
10 -3 0 0 0 0 0 0 0 0 3 //10_1
10 -2 -2 -2 -2 1 1 1 1 1 3 //10_2
10 -3.684 -1.771 -1.586 -0.959 0 0 0.307 0.843 1.753 5.097 //G10_1
10 -3.076 -2.512 -1.522 -0.625 -0.419 0.144 0.204 1.472 1.576 4.757 //G10_2
10 -2.281 -1.939 -1.272 -1 -1 0 0.344 0.783 1.697 4.67 //G10_3
12 -2.89199 -2.47316 -1.94215 -1.44139 -0.665251 -0.396454 -0.191601 0.26547 0.908478 1.51575 2.0584 5.25391 //G12_1
12 -3.06534 -2.46702 -1.95204 -1.54065 -1.26095 -0.603631 -0.174619 0.322146 0.898831 1.4817 1.91326 6.44832 //G12_2
12 -2.89547 -2.38655 -2.19127 -1.60747 -1.35436 -0.624064 0.0572802 0.223744 0.64772 1.5563 2.46248 6.11167  //G12_3
10 -1.91898 -1.6825 -1.30972 -0.83082 -0.28462 0.28462 0.83082 1.30972 1.6825 1.91898 //P10
10 -2 -1.61803 -1.61803 -0.618029 -0.618029 0.618029 0.618029 1.61803 1.61803 2 //C10
20 -4.3589 -2.23801e-16 -1.01454e-16 -9.35997e-17 -7.41928e-17 -5.87514e-17 -4.45708e-17 -3.45403e-17 -1.24548e-17 3.29237e-18 1.8951e-17 2.249e-17 4.12131e-17 4.70559e-17 6.2286e-17 8.77874e-17 9.96011e-17 2.02623e-16 3.94477e-16 4.3589 //K1_19
20 -1.97766 -1.91115 -1.80194 -1.65248 -1.4661 -1.24698 -1 -0.730682 -0.445042 -0.14946 0.14946 0.445042 0.730682 1 1.24698 1.4661 1.65248 1.80194 1.91115 1.97766 //P20
20 -2 -1.90211 -1.90211 -1.61803 -1.61803 -1.17557 -1.17557 -0.618034 -0.618034 -2.8044e-16 1.36382e-16 0.618034 0.618034 1.17557 1.17557 1.61803 1.61803 1.90211 1.90211 2 //C20